{
 "cells": [
  {
   "cell_type": "code",
   "execution_count": 1,
   "outputs": [],
   "source": [
    "import numpy as np"
   ],
   "metadata": {
    "collapsed": false,
    "pycharm": {
     "name": "#%%\n"
    }
   }
  },
  {
   "cell_type": "code",
   "execution_count": 2,
   "outputs": [
    {
     "data": {
      "text/plain": "array([[ 0.49671415, -0.1382643 ,  0.64768854,  1.52302986],\n       [-0.23415337, -0.23413696,  1.57921282,  0.76743473],\n       [-0.46947439,  0.54256004, -0.46341769, -0.46572975],\n       [ 0.24196227, -1.91328024, -1.72491783, -0.56228753],\n       [-1.01283112,  0.31424733, -0.90802408, -1.4123037 ]])"
     },
     "execution_count": 2,
     "metadata": {},
     "output_type": "execute_result"
    }
   ],
   "source": [
    "np.random.seed(42)\n",
    "arr = np.random.randn(5, 4)\n",
    "arr"
   ],
   "metadata": {
    "collapsed": false,
    "pycharm": {
     "name": "#%%\n"
    }
   }
  },
  {
   "cell_type": "code",
   "execution_count": 3,
   "outputs": [
    {
     "data": {
      "text/plain": "-0.17129856144182892"
     },
     "execution_count": 3,
     "metadata": {},
     "output_type": "execute_result"
    }
   ],
   "source": [
    "arr.mean()"
   ],
   "metadata": {
    "collapsed": false,
    "pycharm": {
     "name": "#%%\n"
    }
   }
  },
  {
   "cell_type": "code",
   "execution_count": 4,
   "outputs": [
    {
     "data": {
      "text/plain": "-0.17129856144182892"
     },
     "execution_count": 4,
     "metadata": {},
     "output_type": "execute_result"
    }
   ],
   "source": [
    "np.mean(arr)"
   ],
   "metadata": {
    "collapsed": false,
    "pycharm": {
     "name": "#%%\n"
    }
   }
  },
  {
   "cell_type": "code",
   "execution_count": 5,
   "outputs": [
    {
     "data": {
      "text/plain": "array([ 0,  1,  3,  6, 10, 15, 21, 28])"
     },
     "execution_count": 5,
     "metadata": {},
     "output_type": "execute_result"
    }
   ],
   "source": [
    "# Other methods like \"cumsum\", \"cumprod\" do not aggregate, instead producing an array of the intermediate results\n",
    "arr = np.array([0, 1, 2, 3, 4, 5, 6, 7])\n",
    "arr.cumsum()"
   ],
   "metadata": {
    "collapsed": false,
    "pycharm": {
     "name": "#%%\n"
    }
   }
  },
  {
   "cell_type": "code",
   "execution_count": 6,
   "outputs": [
    {
     "data": {
      "text/plain": "array([   1,    2,    6,   24,  120,  720, 5040])"
     },
     "execution_count": 6,
     "metadata": {},
     "output_type": "execute_result"
    }
   ],
   "source": [
    "arr[1:].cumprod()"
   ],
   "metadata": {
    "collapsed": false,
    "pycharm": {
     "name": "#%%\n"
    }
   }
  },
  {
   "cell_type": "code",
   "execution_count": 7,
   "outputs": [
    {
     "data": {
      "text/plain": "array([   1,    2,    6,   24,  120,  720, 5040])"
     },
     "execution_count": 7,
     "metadata": {},
     "output_type": "execute_result"
    }
   ],
   "source": [
    "np.cumprod(arr[1:])  # Return the cumulative product of elements along a given axis"
   ],
   "metadata": {
    "collapsed": false,
    "pycharm": {
     "name": "#%%\n"
    }
   }
  },
  {
   "cell_type": "code",
   "execution_count": 8,
   "outputs": [
    {
     "data": {
      "text/plain": "array([[0, 1, 2],\n       [3, 4, 5],\n       [6, 7, 8]])"
     },
     "execution_count": 8,
     "metadata": {},
     "output_type": "execute_result"
    }
   ],
   "source": [
    "# In multidimensional arrays, accumulation functions like cumsum return an array of the same size\n",
    "# but with the partial aggregates computed along the indicated axis according to each lower dimensional slice\n",
    "arr = np.array([[0, 1, 2], [3, 4, 5], [6, 7, 8]])\n",
    "arr"
   ],
   "metadata": {
    "collapsed": false,
    "pycharm": {
     "name": "#%%\n"
    }
   }
  },
  {
   "cell_type": "code",
   "execution_count": 9,
   "outputs": [
    {
     "data": {
      "text/plain": "array([[ 0,  1,  2],\n       [ 3,  5,  7],\n       [ 9, 12, 15]])"
     },
     "execution_count": 9,
     "metadata": {},
     "output_type": "execute_result"
    }
   ],
   "source": [
    "arr.cumsum(axis=0)"
   ],
   "metadata": {
    "collapsed": false,
    "pycharm": {
     "name": "#%%\n"
    }
   }
  },
  {
   "cell_type": "code",
   "execution_count": 10,
   "outputs": [
    {
     "data": {
      "text/plain": "array([[  0,   0,   0],\n       [  3,  12,  60],\n       [  6,  42, 336]])"
     },
     "execution_count": 10,
     "metadata": {},
     "output_type": "execute_result"
    }
   ],
   "source": [
    "arr.cumprod(axis=1)"
   ],
   "metadata": {
    "collapsed": false,
    "pycharm": {
     "name": "#%%\n"
    }
   }
  },
  {
   "cell_type": "code",
   "execution_count": 11,
   "outputs": [
    {
     "data": {
      "text/plain": "array([-2.6197451 , -1.98756891, -1.95967012, -1.91877122, -1.76304016,\n       -1.47852199, -1.46351495, -1.42474819, -1.41537074, -1.32818605,\n       -1.22084365, -1.19620662, -1.16867804, -1.15099358, -1.10633497,\n       -1.05771093, -0.83921752, -0.8084936 , -0.80227727, -0.71984421,\n       -0.70205309, -0.676922  , -0.64511975, -0.60170661, -0.60063869,\n       -0.54438272, -0.5297602 , -0.51827022, -0.50175704, -0.47917424,\n       -0.46063877, -0.42064532, -0.39210815, -0.38508228, -0.34271452,\n       -0.32766215, -0.30921238, -0.3011037 , -0.29900735, -0.29169375,\n       -0.23458713, -0.2257763 , -0.21967189, -0.19236096, -0.18565898,\n       -0.16128571, -0.11564828, -0.07444592, -0.07201012, -0.03582604,\n       -0.03471177, -0.02651388, -0.01349722,  0.00511346,  0.06023021,\n        0.0675282 ,  0.08704707,  0.09176078,  0.09707755,  0.11092259,\n        0.17136828,  0.17457781,  0.19686124,  0.2088636 ,  0.25755039,\n        0.26105527,  0.29612028,  0.30154734,  0.32408397,  0.32875111,\n        0.33126343,  0.34361829,  0.35711257,  0.36139561,  0.36163603,\n        0.37569802,  0.40405086,  0.51326743,  0.61167629,  0.73846658,\n        0.75193303,  0.81252582,  0.8219025 ,  0.82254491,  0.91540212,\n        0.93128012,  0.96864499,  0.97554513,  1.0035329 ,  1.03099952,\n        1.05712223,  1.14282281,  1.35624003,  1.46564877,  1.47789404,\n        1.53803657,  1.56464366,  1.85227818,  1.8861859 ,  2.46324211])"
     },
     "execution_count": 11,
     "metadata": {},
     "output_type": "execute_result"
    }
   ],
   "source": [
    "# A quick way to compute quantiles of an array is to sort it and select the value at a particular rank\n",
    "large_arr = np.random.randn(100)\n",
    "large_arr.sort()\n",
    "large_arr"
   ],
   "metadata": {
    "collapsed": false,
    "pycharm": {
     "name": "#%%\n"
    }
   }
  },
  {
   "cell_type": "code",
   "execution_count": 12,
   "outputs": [
    {
     "data": {
      "text/plain": "-1.4785219903674274"
     },
     "execution_count": 12,
     "metadata": {},
     "output_type": "execute_result"
    }
   ],
   "source": [
    "large_arr[int(0.05 * len(large_arr))]  # 5% quantile"
   ],
   "metadata": {
    "collapsed": false,
    "pycharm": {
     "name": "#%%\n"
    }
   }
  },
  {
   "cell_type": "code",
   "execution_count": 13,
   "outputs": [
    {
     "data": {
      "text/plain": "array([[ 0.49671415, -0.1382643 ,  0.64768854],\n       [ 1.52302986, -0.23415337, -0.23413696],\n       [ 1.57921282,  0.76743473, -0.46947439],\n       [ 0.54256004, -0.46341769, -0.46572975],\n       [ 0.24196227, -1.91328024, -1.72491783]])"
     },
     "execution_count": 13,
     "metadata": {},
     "output_type": "execute_result"
    }
   ],
   "source": [
    "np.random.seed(42)\n",
    "arr = np.random.randn(5, 3)\n",
    "arr"
   ],
   "metadata": {
    "collapsed": false,
    "pycharm": {
     "name": "#%%\n"
    }
   }
  },
  {
   "cell_type": "code",
   "execution_count": 14,
   "outputs": [
    {
     "data": {
      "text/plain": "array([[ 0.24196227, -1.72491783],\n       [ 0.49671415, -0.46947439],\n       [ 0.54256004, -0.46572975],\n       [ 1.52302986, -0.23413696],\n       [ 1.57921282,  0.64768854]])"
     },
     "execution_count": 14,
     "metadata": {},
     "output_type": "execute_result"
    }
   ],
   "source": [
    "# sort first and last columns\n",
    "np.sort(arr[:, [0, 2]], 0)"
   ],
   "metadata": {
    "collapsed": false,
    "pycharm": {
     "name": "#%%\n"
    }
   }
  },
  {
   "cell_type": "code",
   "execution_count": 15,
   "outputs": [
    {
     "data": {
      "text/plain": "array(['Bob', 'Joe', 'Will'], dtype='<U4')"
     },
     "execution_count": 15,
     "metadata": {},
     "output_type": "execute_result"
    }
   ],
   "source": [
    "# Unique and other set logic\n",
    "names = np.array(['Bob', 'Joe', 'Will', 'Bob', 'Will', 'Joe', 'Joe'])\n",
    "np.unique(names)"
   ],
   "metadata": {
    "collapsed": false,
    "pycharm": {
     "name": "#%%\n"
    }
   }
  },
  {
   "cell_type": "code",
   "execution_count": 16,
   "outputs": [
    {
     "data": {
      "text/plain": "array([1, 2, 3, 4])"
     },
     "execution_count": 16,
     "metadata": {},
     "output_type": "execute_result"
    }
   ],
   "source": [
    "ints = np.array([3, 3, 3, 2, 2, 1, 1, 4, 4])\n",
    "np.unique(ints)"
   ],
   "metadata": {
    "collapsed": false,
    "pycharm": {
     "name": "#%%\n"
    }
   }
  },
  {
   "cell_type": "code",
   "execution_count": 17,
   "outputs": [
    {
     "data": {
      "text/plain": "array([ True, False, False,  True,  True, False,  True])"
     },
     "execution_count": 17,
     "metadata": {},
     "output_type": "execute_result"
    }
   ],
   "source": [
    "values = np.array([6, 0, 0, 3, 2, 5, 6])\n",
    "np.in1d(values, [2, 3, 6])"
   ],
   "metadata": {
    "collapsed": false,
    "pycharm": {
     "name": "#%%\n"
    }
   }
  },
  {
   "cell_type": "code",
   "execution_count": 18,
   "outputs": [
    {
     "data": {
      "text/plain": "array([0, 5])"
     },
     "execution_count": 18,
     "metadata": {},
     "output_type": "execute_result"
    }
   ],
   "source": [
    "np.setxor1d(values, [2, 3, 6])  # set symmetric differences; elements that are in either of the arrays, but not both"
   ],
   "metadata": {
    "collapsed": false,
    "pycharm": {
     "name": "#%%\n"
    }
   }
  },
  {
   "cell_type": "code",
   "execution_count": 19,
   "outputs": [],
   "source": [
    "arr = np.arange(10)\n",
    "# np.save('some_array', arr)"
   ],
   "metadata": {
    "collapsed": false,
    "pycharm": {
     "name": "#%%\n"
    }
   }
  },
  {
   "cell_type": "code",
   "execution_count": 20,
   "outputs": [],
   "source": [
    "# np.load('some_array.npy')"
   ],
   "metadata": {
    "collapsed": false,
    "pycharm": {
     "name": "#%%\n"
    }
   }
  },
  {
   "cell_type": "code",
   "execution_count": 21,
   "outputs": [],
   "source": [
    "arr2 = np.random.randn(3, 3)"
   ],
   "metadata": {
    "collapsed": false,
    "pycharm": {
     "name": "#%%\n"
    }
   }
  },
  {
   "cell_type": "code",
   "execution_count": 22,
   "outputs": [],
   "source": [
    "# saving multiple arrays in an uncompressed archive\n",
    "# np.savez('array_archive.npz', a=arr, b=arr2)"
   ],
   "metadata": {
    "collapsed": false,
    "pycharm": {
     "name": "#%%\n"
    }
   }
  },
  {
   "cell_type": "code",
   "execution_count": 23,
   "outputs": [],
   "source": [
    "arch = np.load('array_archive.npz')"
   ],
   "metadata": {
    "collapsed": false,
    "pycharm": {
     "name": "#%%\n"
    }
   }
  },
  {
   "cell_type": "code",
   "execution_count": 24,
   "outputs": [
    {
     "data": {
      "text/plain": "array([0, 1, 2, 3, 4, 5, 6, 7, 8, 9])"
     },
     "execution_count": 24,
     "metadata": {},
     "output_type": "execute_result"
    }
   ],
   "source": [
    "arch['a']"
   ],
   "metadata": {
    "collapsed": false,
    "pycharm": {
     "name": "#%%\n"
    }
   }
  },
  {
   "cell_type": "code",
   "execution_count": 25,
   "outputs": [
    {
     "data": {
      "text/plain": "array([[-0.56228753, -1.01283112,  0.31424733],\n       [-0.90802408, -1.4123037 ,  1.46564877],\n       [-0.2257763 ,  0.0675282 , -1.42474819]])"
     },
     "execution_count": 25,
     "metadata": {},
     "output_type": "execute_result"
    }
   ],
   "source": [
    "arch['b']"
   ],
   "metadata": {
    "collapsed": false,
    "pycharm": {
     "name": "#%%\n"
    }
   }
  },
  {
   "cell_type": "code",
   "execution_count": 26,
   "outputs": [],
   "source": [
    "x = np.array([[1, 2, 3], [4, 5, 6]], dtype='float64')"
   ],
   "metadata": {
    "collapsed": false,
    "pycharm": {
     "name": "#%%\n"
    }
   }
  },
  {
   "cell_type": "code",
   "execution_count": 27,
   "outputs": [
    {
     "data": {
      "text/plain": "array([[1., 2., 3.],\n       [4., 5., 6.]])"
     },
     "execution_count": 27,
     "metadata": {},
     "output_type": "execute_result"
    }
   ],
   "source": [
    "x"
   ],
   "metadata": {
    "collapsed": false,
    "pycharm": {
     "name": "#%%\n"
    }
   }
  },
  {
   "cell_type": "code",
   "execution_count": 28,
   "outputs": [],
   "source": [
    "y = np.array([[6, 23], [-1, 7], [8, 9]], dtype='float64')"
   ],
   "metadata": {
    "collapsed": false,
    "pycharm": {
     "name": "#%%\n"
    }
   }
  },
  {
   "cell_type": "code",
   "execution_count": 29,
   "outputs": [
    {
     "data": {
      "text/plain": "array([[ 28.,  64.],\n       [ 67., 181.]])"
     },
     "execution_count": 29,
     "metadata": {},
     "output_type": "execute_result"
    }
   ],
   "source": [
    "x.dot(y)  # or np.dot(x, y)"
   ],
   "metadata": {
    "collapsed": false,
    "pycharm": {
     "name": "#%%\n"
    }
   }
  },
  {
   "cell_type": "code",
   "execution_count": 30,
   "outputs": [
    {
     "data": {
      "text/plain": "array([1., 1., 1.])"
     },
     "execution_count": 30,
     "metadata": {},
     "output_type": "execute_result"
    }
   ],
   "source": [
    "np.ones(3)"
   ],
   "metadata": {
    "collapsed": false,
    "pycharm": {
     "name": "#%%\n"
    }
   }
  },
  {
   "cell_type": "code",
   "execution_count": 31,
   "outputs": [
    {
     "data": {
      "text/plain": "array([ 6., 15.])"
     },
     "execution_count": 31,
     "metadata": {},
     "output_type": "execute_result"
    }
   ],
   "source": [
    "# a matrix product between a two-dimensional array and a suitably sized one-dimensional array results in a one-dimensional array\n",
    "np.dot(x, np.ones(3))"
   ],
   "metadata": {
    "collapsed": false,
    "pycharm": {
     "name": "#%%\n"
    }
   }
  },
  {
   "cell_type": "code",
   "execution_count": 32,
   "outputs": [
    {
     "data": {
      "text/plain": "array([ 6., 15.])"
     },
     "execution_count": 32,
     "metadata": {},
     "output_type": "execute_result"
    }
   ],
   "source": [
    "x @ np.ones(3)  # \"@\" also works as an infix operator that performs matrix multiplication"
   ],
   "metadata": {
    "collapsed": false,
    "pycharm": {
     "name": "#%%\n"
    }
   }
  },
  {
   "cell_type": "code",
   "execution_count": 33,
   "outputs": [],
   "source": [
    "from numpy.linalg import inv, qr"
   ],
   "metadata": {
    "collapsed": false,
    "pycharm": {
     "name": "#%%\n"
    }
   }
  },
  {
   "cell_type": "code",
   "execution_count": 34,
   "outputs": [],
   "source": [
    "X = np.random.randn(5, 5)\n",
    "mat = X.T.dot(X)"
   ],
   "metadata": {
    "collapsed": false,
    "pycharm": {
     "name": "#%%\n"
    }
   }
  },
  {
   "cell_type": "code",
   "execution_count": 35,
   "outputs": [
    {
     "data": {
      "text/plain": "array([[-0.54438272,  0.11092259, -1.15099358,  0.37569802, -0.60063869],\n       [-0.29169375, -0.60170661,  1.85227818, -0.01349722, -1.05771093],\n       [ 0.82254491, -1.22084365,  0.2088636 , -1.95967012, -1.32818605],\n       [ 0.19686124,  0.73846658,  0.17136828, -0.11564828, -0.3011037 ],\n       [-1.47852199, -0.71984421, -0.46063877,  1.05712223,  0.34361829]])"
     },
     "execution_count": 35,
     "metadata": {},
     "output_type": "execute_result"
    }
   ],
   "source": [
    "X"
   ],
   "metadata": {
    "collapsed": false,
    "pycharm": {
     "name": "#%%\n"
    }
   }
  },
  {
   "cell_type": "code",
   "execution_count": 36,
   "outputs": [
    {
     "data": {
      "text/plain": "array([[ 3.28279955,  0.32061192,  0.97288306, -3.39824827, -1.02431053],\n       [ 0.32061192,  2.92832246, -1.03905111,  1.59587989,  1.72160811],\n       [ 0.97288306, -1.03905111,  5.04089985, -1.3735003 , -1.75513685],\n       [-3.39824827,  1.59587989, -1.3735003 ,  5.1125201 ,  2.78949257],\n       [-1.02431053,  1.72160811, -1.75513685,  2.78949257,  3.45233439]])"
     },
     "execution_count": 36,
     "metadata": {},
     "output_type": "execute_result"
    }
   ],
   "source": [
    "mat"
   ],
   "metadata": {
    "collapsed": false,
    "pycharm": {
     "name": "#%%\n"
    }
   }
  },
  {
   "cell_type": "code",
   "execution_count": 37,
   "outputs": [
    {
     "data": {
      "text/plain": "array([[11.70115099, -5.91466918, -1.62686329, 10.97146755, -3.27078408],\n       [-5.91466918,  3.47792001,  0.84199791, -5.58111595,  1.44836197],\n       [-1.62686329,  0.84199791,  0.46806691, -1.5305987 ,  0.572109  ],\n       [10.97146755, -5.58111595, -1.5305987 , 10.63971733, -3.33662304],\n       [-3.27078408,  1.44836197,  0.572109  , -3.33662304,  1.58379921]])"
     },
     "execution_count": 37,
     "metadata": {},
     "output_type": "execute_result"
    }
   ],
   "source": [
    "inv(mat)"
   ],
   "metadata": {
    "collapsed": false,
    "pycharm": {
     "name": "#%%\n"
    }
   }
  },
  {
   "cell_type": "code",
   "execution_count": 38,
   "outputs": [
    {
     "data": {
      "text/plain": "array([[ 1.00000000e+00,  1.70880200e-15,  6.79765568e-16,\n        -1.17996171e-14,  1.28481339e-15],\n       [ 3.65201390e-15,  1.00000000e+00,  1.80720649e-17,\n        -3.22964235e-15,  5.63582084e-17],\n       [-8.21435449e-16, -1.03755658e-16,  1.00000000e+00,\n        -1.15229573e-15,  5.69552829e-16],\n       [ 3.51717806e-15, -3.79161942e-16, -4.13754409e-16,\n         1.00000000e+00, -1.10637016e-15],\n       [ 5.74610911e-16,  5.58935025e-17, -3.24364534e-16,\n        -3.49394198e-15,  1.00000000e+00]])"
     },
     "execution_count": 38,
     "metadata": {},
     "output_type": "execute_result"
    }
   ],
   "source": [
    "mat.dot(inv(mat))"
   ],
   "metadata": {
    "collapsed": false,
    "pycharm": {
     "name": "#%%\n"
    }
   }
  },
  {
   "cell_type": "code",
   "execution_count": 39,
   "outputs": [],
   "source": [
    "q, r = qr(mat)"
   ],
   "metadata": {
    "collapsed": false,
    "pycharm": {
     "name": "#%%\n"
    }
   }
  },
  {
   "cell_type": "code",
   "execution_count": 40,
   "outputs": [
    {
     "data": {
      "text/plain": "array([[-4.94200057,  1.25580173, -2.87943191,  6.51786329,  3.54792183],\n       [ 0.        , -3.70016497,  2.58532127, -2.64504588, -3.3718686 ],\n       [ 0.        ,  0.        , -4.17478074, -0.43117747,  0.62043199],\n       [ 0.        ,  0.        ,  0.        , -0.4856274 , -1.55370126],\n       [ 0.        ,  0.        ,  0.        ,  0.        ,  0.19329469]])"
     },
     "execution_count": 40,
     "metadata": {},
     "output_type": "execute_result"
    }
   ],
   "source": [
    "r"
   ],
   "metadata": {
    "collapsed": false,
    "pycharm": {
     "name": "#%%\n"
    }
   }
  },
  {
   "cell_type": "code",
   "execution_count": 41,
   "outputs": [
    {
     "data": {
      "text/plain": "array([[-0.66426531, -0.3120935 ,  0.03184879, -0.24622388, -0.63222519],\n       [-0.06487493, -0.81342117, -0.2100951 ,  0.460021  ,  0.27996068],\n       [-0.19686017,  0.21399959, -0.93916231, -0.14558581,  0.11058563],\n       [ 0.68762604, -0.19792575, -0.2678401 ,  0.01717718, -0.64495151],\n       [ 0.20726637, -0.39493446,  0.03288675, -0.84039527,  0.30613998]])"
     },
     "execution_count": 41,
     "metadata": {},
     "output_type": "execute_result"
    }
   ],
   "source": [
    "q"
   ],
   "metadata": {
    "collapsed": false,
    "pycharm": {
     "name": "#%%\n"
    }
   }
  },
  {
   "cell_type": "code",
   "execution_count": 42,
   "outputs": [
    {
     "data": {
      "text/plain": "array([-0.66426531, -0.81342117, -0.93916231,  0.01717718,  0.30613998])"
     },
     "execution_count": 42,
     "metadata": {},
     "output_type": "execute_result"
    }
   ],
   "source": [
    "np.diag(q)  # return the diagonal elements of a square matrix as 1D array, or convert a 1D array into a square matrix with zeros on the off-diagonal"
   ],
   "metadata": {
    "collapsed": false,
    "pycharm": {
     "name": "#%%\n"
    }
   }
  },
  {
   "cell_type": "code",
   "execution_count": 43,
   "outputs": [
    {
     "data": {
      "text/plain": "array([[-0.66426531,  0.        ,  0.        ,  0.        ,  0.        ],\n       [ 0.        , -0.81342117,  0.        ,  0.        ,  0.        ],\n       [ 0.        ,  0.        , -0.93916231,  0.        ,  0.        ],\n       [ 0.        ,  0.        ,  0.        ,  0.01717718,  0.        ],\n       [ 0.        ,  0.        ,  0.        ,  0.        ,  0.30613998]])"
     },
     "execution_count": 43,
     "metadata": {},
     "output_type": "execute_result"
    }
   ],
   "source": [
    "np.diag(np.diag(q))"
   ],
   "metadata": {
    "collapsed": false,
    "pycharm": {
     "name": "#%%\n"
    }
   }
  },
  {
   "cell_type": "code",
   "execution_count": 45,
   "outputs": [],
   "source": [
    "from random import normalvariate"
   ],
   "metadata": {
    "collapsed": false,
    "pycharm": {
     "name": "#%%\n"
    }
   }
  },
  {
   "cell_type": "code",
   "execution_count": 46,
   "outputs": [],
   "source": [
    "N = 1000000"
   ],
   "metadata": {
    "collapsed": false,
    "pycharm": {
     "name": "#%%\n"
    }
   }
  },
  {
   "cell_type": "code",
   "execution_count": 47,
   "outputs": [
    {
     "name": "stdout",
     "output_type": "stream",
     "text": [
      "932 ms ± 30.4 ms per loop (mean ± std. dev. of 7 runs, 1 loop each)\n"
     ]
    }
   ],
   "source": [
    "%timeit samples = [normalvariate(0, 1) for _ in range(N)]"
   ],
   "metadata": {
    "collapsed": false,
    "pycharm": {
     "name": "#%%\n"
    }
   }
  },
  {
   "cell_type": "code",
   "execution_count": 48,
   "outputs": [
    {
     "name": "stdout",
     "output_type": "stream",
     "text": [
      "36.4 ms ± 2.16 ms per loop (mean ± std. dev. of 7 runs, 10 loops each)\n"
     ]
    }
   ],
   "source": [
    "%timeit np.random.normal(size=N)"
   ],
   "metadata": {
    "collapsed": false,
    "pycharm": {
     "name": "#%%\n"
    }
   }
  },
  {
   "cell_type": "code",
   "execution_count": 49,
   "outputs": [
    {
     "data": {
      "text/plain": "array([ 0.47143516, -1.19097569,  1.43270697, -0.3126519 , -0.72058873,\n        0.88716294,  0.85958841, -0.6365235 ,  0.01569637, -2.24268495])"
     },
     "execution_count": 49,
     "metadata": {},
     "output_type": "execute_result"
    }
   ],
   "source": [
    "np.random.seed(1234)\n",
    "np.random.randn(10)"
   ],
   "metadata": {
    "collapsed": false,
    "pycharm": {
     "name": "#%%\n"
    }
   }
  },
  {
   "cell_type": "code",
   "execution_count": 50,
   "outputs": [
    {
     "data": {
      "text/plain": "array([ 0.47143516, -1.19097569,  1.43270697, -0.3126519 , -0.72058873,\n        0.88716294,  0.85958841, -0.6365235 ,  0.01569637, -2.24268495])"
     },
     "execution_count": 50,
     "metadata": {},
     "output_type": "execute_result"
    }
   ],
   "source": [
    "rng = np.random.RandomState(1234)\n",
    "rng.randn(10)  # Draw samples from a normal distribution with mean 0 and standard deviation 1 (MATLAB-like interface)"
   ],
   "metadata": {
    "collapsed": false,
    "pycharm": {
     "name": "#%%\n"
    }
   }
  },
  {
   "cell_type": "code",
   "execution_count": 54,
   "outputs": [
    {
     "data": {
      "text/plain": "array([9, 7, 4, 3, 8, 2, 6, 1, 0, 5])"
     },
     "execution_count": 54,
     "metadata": {},
     "output_type": "execute_result"
    }
   ],
   "source": [
    "np.random.permutation(10)"
   ],
   "metadata": {
    "collapsed": false,
    "pycharm": {
     "name": "#%%\n"
    }
   }
  },
  {
   "cell_type": "code",
   "execution_count": 65,
   "outputs": [
    {
     "data": {
      "text/plain": "array([0., 1., 2., 3., 4., 5., 6., 7., 8., 9.])"
     },
     "execution_count": 65,
     "metadata": {},
     "output_type": "execute_result"
    }
   ],
   "source": [
    "arr = np.arange(10, dtype='float64')\n",
    "arr"
   ],
   "metadata": {
    "collapsed": false,
    "pycharm": {
     "name": "#%%\n"
    }
   }
  },
  {
   "cell_type": "code",
   "execution_count": 66,
   "outputs": [
    {
     "data": {
      "text/plain": "array([2., 3., 4., 9., 6., 7., 1., 8., 5., 0.])"
     },
     "execution_count": 66,
     "metadata": {},
     "output_type": "execute_result"
    }
   ],
   "source": [
    "np.random.shuffle(arr)\n",
    "arr"
   ],
   "metadata": {
    "collapsed": false,
    "pycharm": {
     "name": "#%%\n"
    }
   }
  },
  {
   "cell_type": "code",
   "execution_count": 67,
   "outputs": [
    {
     "data": {
      "text/plain": "array([[0.05980922, 0.18428708],\n       [0.04735528, 0.67488094],\n       [0.59462478, 0.53331016]])"
     },
     "execution_count": 67,
     "metadata": {},
     "output_type": "execute_result"
    }
   ],
   "source": [
    "np.random.rand(3, 2)  # Draws samples from a uniform distribution"
   ],
   "metadata": {
    "collapsed": false,
    "pycharm": {
     "name": "#%%\n"
    }
   }
  },
  {
   "cell_type": "code",
   "execution_count": 68,
   "outputs": [
    {
     "data": {
      "text/plain": "array([[0.04332406, 0.56143308, 0.32966845],\n       [0.50296683, 0.11189432, 0.60719371],\n       [0.56594464, 0.00676406, 0.61744171]])"
     },
     "execution_count": 68,
     "metadata": {},
     "output_type": "execute_result"
    }
   ],
   "source": [
    "unif = np.random.uniform(0, 1, (3, 3))  # Draw samples from a uniform [0, 1) distribution\n",
    "unif"
   ],
   "metadata": {
    "collapsed": false,
    "pycharm": {
     "name": "#%%\n"
    }
   }
  },
  {
   "cell_type": "code",
   "execution_count": 79,
   "outputs": [
    {
     "data": {
      "text/plain": "[<matplotlib.lines.Line2D at 0x7f830bc2ba00>]"
     },
     "execution_count": 79,
     "metadata": {},
     "output_type": "execute_result"
    },
    {
     "data": {
      "text/plain": "<Figure size 432x288 with 1 Axes>",
